100
2.83800e+06
0.00000e+00 0.00000e+00 0.00000e+00 0.00000e+00 1.60000e+24
4.30668e+04 -3.34133e+04 -2.71234e+04 -3.49596e+04 1.00000e+19
-1.53645e+05 -3.55766e+05 -1.52348e+04 6.57945e+03 1.00000e+19
5.76827e+04 -1.34600e+04 -9.64564e+03 -4.13362e+04 1.00000e+19
2.85189e+04 -1.86357e+04 -3.06162e+04 -4.68532e+04 1.00000e+19
9.64300e+04 -1.43947e+05 -2.06193e+04 -1.38128e+04 1.00000e+19
-9.64591e+04 3.88911e+04 1.19783e+04 2.97091e+04 1.00000e+19
-2.62382e+05 8.86382e+04 6.28264e+03 1.85976e+04 1.00000e+19
7.78011e+04 9.68791e+04 2.28506e+04 -1.83507e+04 1.00000e+19
-1.23416e+04 3.87495e+04 4.88111e+04 1.55462e+04 1.00000e+19
-5.87571e+04 4.06914e+05 1.59459e+04 2.30255e+03 1.00000e+19
-2.27051e+05 2.08408e+05 1.25832e+04 1.37089e+04 1.00000e+19
1.01399e+05 -2.64101e+05 -1.81321e+04 -6.96168e+03 1.00000e+19
8.62890e+03 -1.15040e+05 -3.03300e+04 -2.27499e+03 1.00000e+19
-2.04521e+05 -1.74482e+05 -1.29313e+04 1.51576e+04 1.00000e+19
-6.04583e+04 -3.08041e+04 -1.80042e+04 3.53363e+04 1.00000e+19
6.79677e+04 -3.02919e+05 -1.80909e+04 -4.05918e+03 1.00000e+19
3.47976e+05 -2.18661e+05 -8.57377e+03 -1.36443e+04 1.00000e+19
1.22383e+05 -5.70509e+04 -1.18782e+04 -2.54807e+04 1.00000e+19
1.36041e+05 3.40172e+05 1.58471e+04 -6.33752e+03 1.00000e+19
1.04652e+05 7.38334e+04 1.66408e+04 -2.35868e+04 1.00000e+19
2.13932e+05 -2.53640e+05 -1.37088e+04 -1.15627e+04 1.00000e+19
2.41025e+05 -3.96819e+05 -1.29581e+04 -7.87065e+03 1.00000e+19
-1.25062e+05 -1.63594e+05 -1.80858e+04 1.38260e+04 1.00000e+19
7.98873e+04 1.13831e+05 2.26751e+04 -1.59135e+04 1.00000e+19
5.20374e+03 2.51694e+03 5.91630e+04 -1.22319e+05 1.00000e+19
1.31149e+05 1.48770e+05 1.74010e+04 -1.53399e+04 1.00000e+19
9.03335e+03 -4.89321e+04 -4.55418e+04 -8.40746e+03 1.00000e+19
-1.05149e+05 -3.20888e+05 -1.68937e+04 5.53577e+03 1.00000e+19
3.22368e+05 -2.18035e+05 -9.27738e+03 -1.37167e+04 1.00000e+19
1.01194e+03 2.14366e+03 1.91875e+05 -9.05766e+04 1.00000e+19
8.80543e+04 -8.29607e+04 -2.03670e+04 -2.16175e+04 1.00000e+19
-3.73898e+05 4.85200e+04 2.16508e+03 1.66843e+04 1.00000e+19
6.43219e+03 6.86442e+03 7.77220e+04 -7.28281e+04 1.00000e+19
3.40797e+05 3.03859e+05 1.01744e+04 -1.14112e+04 1.00000e+19
-4.00839e+05 -6.70968e+04 -2.67527e+03 1.59822e+04 1.00000e+19
6.58228e+03 -8.77835e+04 -3.47208e+04 -2.60348e+03 1.00000e+19
3.09686e+04 -3.49860e+04 -3.57862e+04 -3.16769e+04 1.00000e+19
9.30779e+04 -1.69297e+05 -2.05955e+04 -1.13232e+04 1.00000e+19
-9.49261e+04 1.43926e+05 2.07689e+04 1.36981e+04 1.00000e+19
6.49712e+03 5.89685e+04 4.21582e+04 -4.64497e+03 1.00000e+19
-3.00072e+02 -2.48552e+05 -2.07212e+04 2.50163e+01 1.00000e+19
-1.21172e+05 1.24644e+03 3.05248e+02 2.96747e+04 1.00000e+19
-2.30825e+05 -9.44230e+04 -7.83211e+03 1.91463e+04 1.00000e+19
3.28924e+05 -3.12617e+05 -1.05648e+04 -1.11159e+04 1.00000e+19
1.35782e+05 2.39815e+05 1.71243e+04 -9.69568e+03 1.00000e+19
-1.70734e+05 3.24937e+05 1.50943e+04 7.93112e+03 1.00000e+19
-2.69679e+05 -2.37969e+05 -1.13973e+04 1.29161e+04 1.00000e+19
1.29908e+05 -2.77776e+04 -5.92651e+03 -2.77168e+04 1.00000e+19
5.59218e+04 -7.93920e+04 -2.71022e+04 -1.90901e+04 1.00000e+19
1.03969e+05 4.10773e+04 1.13533e+04 -2.87359e+04 1.00000e+19
3.20294e+04 -9.39160e+04 -3.10395e+04 -1.05858e+04 1.00000e+19
1.62400e+05 -3.02833e+05 -1.55307e+04 -8.32859e+03 1.00000e+19
-4.44747e+05 6.61605e+04 2.26685e+03 1.52383e+04 1.00000e+19
-7.57958e+04 3.93212e+05 1.60297e+04 3.08991e+03 1.00000e+19
-6.14223e+04 6.59309e+04 2.51803e+04 2.34584e+04 1.00000e+19
-1.06680e+05 3.21981e+05 1.68376e+04 5.57872e+03 1.00000e+19
9.43744e+04 -4.52443e+05 -1.48754e+04 -3.10284e+03 1.00000e+19
-1.86460e+05 3.18642e+05 1.46742e+04 8.58692e+03 1.00000e+19
-4.12486e+04 -1.52623e+05 -2.50813e+04 6.77859e+03 1.00000e+19
-7.48016e+04 1.42912e+03 7.21450e+02 3.77614e+04 1.00000e+19
-2.01268e+05 3.44470e+05 1.41215e+04 8.25096e+03 1.00000e+19
-5.16056e+04 -2.96305e+04 -2.10867e+04 3.67254e+04 1.00000e+19
3.58630e+04 3.41388e+05 1.75357e+04 -1.84214e+03 1.00000e+19
3.05015e+05 -8.84776e+04 -5.10691e+03 -1.76054e+04 1.00000e+19
1.55402e+05 9.97695e+04 1.29873e+04 -2.02292e+04 1.00000e+19
2.60723e+03 1.29449e+04 8.81295e+04 -1.77502e+04 1.00000e+19
2.51797e+03 3.56295e+04 5.45250e+04 -3.85334e+03 1.00000e+19
2.13849e+05 -1.70130e+04 -1.76884e+03 -2.22339e+04 1.00000e+19
3.85488e+04 3.58457e+04 3.06613e+04 -3.29735e+04 1.00000e+19
-2.15401e+05 5.99407e+04 5.85706e+03 2.10477e+04 1.00000e+19
6.37435e+04 2.85364e+05 1.86450e+04 -4.16486e+03 1.00000e+19
2.68539e+04 -2.01828e+05 -2.26943e+04 -3.01955e+03 1.00000e+19
-3.12171e+05 -2.49478e+05 -1.02023e+04 1.27661e+04 1.00000e+19
7.59768e+04 6.55494e+04 2.13032e+04 -2.46921e+04 1.00000e+19
-3.45068e+05 1.70806e+05 7.38564e+03 1.49207e+04 1.00000e+19
2.37965e+04 -4.34754e+03 -1.19372e+04 -6.53389e+04 1.00000e+19
5.29846e+04 -1.66555e+05 -2.35475e+04 -7.49094e+03 1.00000e+19
3.72548e+05 -3.23126e+04 -1.45976e+03 -1.68303e+04 1.00000e+19
1.03351e+05 -4.56182e+05 -1.47316e+04 -3.33754e+03 1.00000e+19
1.19349e+05 -8.77622e+04 -1.59004e+04 -2.16232e+04 1.00000e+19
-1.42786e+05 1.25817e+05 1.56556e+04 1.77672e+04 1.00000e+19
-3.01018e+05 -2.32495e+04 -1.44781e+03 1.87452e+04 1.00000e+19
-2.97790e+04 2.55960e+04 3.39816e+04 3.95350e+04 1.00000e+19
-2.88455e+03 4.36817e+03 1.19149e+05 7.86810e+04 1.00000e+19
-8.95253e+03 -4.48987e+03 -4.62764e+04 9.22723e+04 1.00000e+19
-1.87476e+05 3.94225e+04 4.85687e+03 2.30971e+04 1.00000e+19
1.10689e+05 -1.53124e+05 -1.92608e+04 -1.39231e+04 1.00000e+19
-2.69715e+05 -2.28575e+05 -1.12328e+04 1.32545e+04 1.00000e+19
-8.40282e+04 1.58109e+04 6.53293e+03 3.47198e+04 1.00000e+19
-1.40328e+05 1.34844e+05 1.62253e+04 1.68851e+04 1.00000e+19
1.92394e+05 -3.31512e+05 -1.44318e+04 -8.37553e+03 1.00000e+19
2.66946e+05 -1.91390e+05 -1.05028e+04 -1.46490e+04 1.00000e+19
-2.89929e+05 3.14843e+05 1.16158e+04 1.06966e+04 1.00000e+19
2.25409e+05 1.54653e+05 1.11783e+04 -1.62924e+04 1.00000e+19
3.09018e+05 3.32804e+05 1.12335e+04 -1.04306e+04 1.00000e+19
-4.02127e+05 -5.91009e+05 2.22209e+05 8.85896e+04 1.00000e+19
-4.22224e+05 -5.79793e+05 3.47412e+03 3.63889e+04 1.00000e+19
-4.37235e+05 -5.94879e+05 -1.11666e+04 3.47656e+04 1.00000e+19
-4.04802e+05 -5.86925e+05 3.64863e+04 4.33050e+04 1.00000e+19
-4.02231e+05 -5.49124e+05 9.77444e+03 1.44026e+04 1.00000e+19
