200
2.83800e+06
0.00000e+00 0.00000e+00 0.00000e+00 0.00000e+00 1.60000e+24
4.30668e+04 -3.34133e+04 -2.71234e+04 -3.49596e+04 1.00000e+19
-1.53645e+05 -3.55766e+05 -1.52348e+04 6.57945e+03 1.00000e+19
5.76827e+04 -1.34600e+04 -9.64564e+03 -4.13362e+04 1.00000e+19
2.85189e+04 -1.86357e+04 -3.06162e+04 -4.68532e+04 1.00000e+19
9.64300e+04 -1.43947e+05 -2.06193e+04 -1.38128e+04 1.00000e+19
-9.64591e+04 3.88911e+04 1.19783e+04 2.97091e+04 1.00000e+19
-2.62382e+05 8.86382e+04 6.28264e+03 1.85976e+04 1.00000e+19
7.78011e+04 9.68791e+04 2.28506e+04 -1.83507e+04 1.00000e+19
-1.23416e+04 3.87495e+04 4.88111e+04 1.55462e+04 1.00000e+19
-5.87571e+04 4.06914e+05 1.59459e+04 2.30255e+03 1.00000e+19
-2.27051e+05 2.08408e+05 1.25832e+04 1.37089e+04 1.00000e+19
1.01399e+05 -2.64101e+05 -1.81321e+04 -6.96168e+03 1.00000e+19
8.62890e+03 -1.15040e+05 -3.03300e+04 -2.27499e+03 1.00000e+19
-3.45068e+05 1.70806e+05 7.38564e+03 1.49207e+04 1.00000e+19
2.37965e+04 -4.34754e+03 -1.19372e+04 -6.53389e+04 1.00000e+19
5.29846e+04 -1.66555e+05 -2.35475e+04 -7.49094e+03 1.00000e+19
3.72548e+05 -3.23126e+04 -1.45976e+03 -1.68303e+04 1.00000e+19
1.03351e+05 -4.56182e+05 -1.47316e+04 -3.33754e+03 1.00000e+19
1.19349e+05 -8.77622e+04 -1.59004e+04 -2.16232e+04 1.00000e+19
-1.42786e+05 1.25817e+05 1.56556e+04 1.77672e+04 1.00000e+19
-3.48092e+04 3.76659e+04 3.35008e+04 3.09600e+04 1.00000e+19
4.68255e+04 -4.82088e+04 -2.85846e+04 -2.77644e+04 1.00000e+19
-6.99396e+04 -1.62805e+04 -8.74015e+03 3.75468e+04 1.00000e+19
-7.40953e+03 1.18574e+05 2.99129e+04 1.86922e+03 1.00000e+19
7.42190e+04 2.66554e+04 1.24342e+04 -3.46218e+04 1.00000e+19
-3.86721e+04 -1.73653e+04 -2.05532e+04 4.57714e+04 1.00000e+19
2.74029e+05 5.78361e+04 4.03116e+03 -1.90998e+04 1.00000e+19
1.18270e+04 1.18377e+04 5.64951e+04 -5.64441e+04 1.00000e+19
1.07737e+05 -2.86125e+05 -1.74847e+04 -6.58367e+03 1.00000e+19
-1.69393e+05 -4.91989e+04 -6.86050e+03 2.36209e+04 1.00000e+19
-2.49416e+04 3.59320e+04 4.05775e+04 2.81662e+04 1.00000e+19
-1.83810e+05 -3.90260e+05 -1.42294e+04 6.70195e+03 1.00000e+19
1.70973e+05 1.44243e+05 1.40846e+04 -1.66946e+04 1.00000e+19
-1.47155e+05 1.91414e+05 1.66679e+04 1.28139e+04 1.00000e+19
-9.81951e+03 3.00756e+05 1.88221e+04 6.14532e+02 1.00000e+19
-4.42078e+05 -1.15402e+05 -3.86027e+03 1.47877e+04 1.00000e+19
4.41066e+05 2.22138e+04 7.81926e+02 -1.55255e+04 1.00000e+19
-1.36870e+05 1.11755e+05 1.55431e+04 1.90362e+04 1.00000e+19
-2.37352e+05 -2.65375e+05 -1.29047e+04 1.15419e+04 1.00000e+19
-3.07376e+05 -5.35569e+04 -3.17463e+03 1.82199e+04 1.00000e+19
1.10934e+05 3.10100e+04 8.19448e+03 -2.93146e+04 1.00000e+19
-6.56873e+03 -8.91525e+03 -7.90331e+04 5.82314e+04 1.00000e+19
9.27701e+04 4.46873e+03 1.63095e+03 -3.38582e+04 1.00000e+19
9.27633e+04 -1.88830e+05 -2.02149e+04 -9.93065e+03 1.00000e+19
1.29418e+04 -6.27995e+03 -3.76022e+04 -7.74913e+04 1.00000e+19
3.10953e+04 -1.13562e+05 -2.90374e+04 -7.95099e+03 1.00000e+19
-8.36199e+04 3.52924e+05 1.66914e+04 3.95477e+03 1.00000e+19
-2.84621e+04 4.52415e+05 1.53133e+04 9.63380e+02 1.00000e+19
4.20802e+04 3.16728e+05 1.81168e+04 -2.40698e+03 1.00000e+19
-1.00620e+05 1.05651e+05 1.95847e+04 1.86522e+04 1.00000e+19
1.32390e+03 4.44191e+03 1.45418e+05 -4.33414e+04 1.00000e+19
-1.47745e+05 -7.84317e+04 -1.18434e+04 2.23099e+04 1.00000e+19
2.24886e+04 4.11602e+05 1.60662e+04 -8.77805e+02 1.00000e+19
-1.61935e+04 -1.75488e+04 -4.91310e+04 4.53366e+04 1.00000e+19
7.34160e+04 3.64667e+05 1.66048e+04 -3.34293e+03 1.00000e+19
-5.47165e+04 -2.62581e+05 -1.95275e+04 4.06912e+03 1.00000e+19
-5.33922e+03 2.31090e+03 5.37971e+04 1.24295e+05 1.00000e+19
-1.52579e+04 6.16837e+04 3.97827e+04 9.84052e+03 1.00000e+19
7.77634e+04 -2.32320e+05 -1.97920e+04 -6.62486e+03 1.00000e+19
-6.92311e+04 -7.32650e+04 -2.36498e+04 2.23476e+04 1.00000e+19
3.91225e+05 -1.69530e+05 -6.29040e+03 -1.45164e+04 1.00000e+19
-1.25169e+05 -2.41202e+05 -1.75898e+04 9.12798e+03 1.00000e+19
1.85633e+05 3.06064e+04 3.87449e+03 -2.34995e+04 1.00000e+19
-2.12507e+05 1.84131e+05 1.27576e+04 1.47236e+04 1.00000e+19
3.78540e+03 4.26882e+05 1.58104e+04 -1.40200e+02 1.00000e+19
-3.57490e+05 -2.47269e+05 -8.91349e+03 1.28867e+04 1.00000e+19
-2.20843e+05 -2.89083e+05 -1.36105e+04 1.03977e+04 1.00000e+19
-1.37844e+05 -1.48881e+05 -1.68288e+04 1.55813e+04 1.00000e+19
1.58191e+05 -1.27602e+05 -1.43868e+04 -1.78357e+04 1.00000e+19
-1.65355e+05 -3.92405e+05 -1.45887e+04 6.14749e+03 1.00000e+19
-3.83780e+04 -3.03023e+04 -2.89501e+04 3.66655e+04 1.00000e+19
-1.84430e+03 6.62304e+03 1.20024e+05 3.34227e+04 1.00000e+19
-8.46665e+04 -2.88638e+05 -1.80743e+04 5.30174e+03 1.00000e+19
-2.46278e+05 -2.59642e+05 -1.25291e+04 1.18842e+04 1.00000e+19
-2.91345e+05 -1.80015e+05 -9.27886e+03 1.50173e+04 1.00000e+19
2.41569e+05 -4.57241e+04 -3.87473e+03 -2.04709e+04 1.00000e+19
1.84733e+05 -1.10333e+04 -1.43170e+03 -2.39713e+04 1.00000e+19
-2.74064e+04 2.03319e+05 2.26031e+04 3.04680e+03 1.00000e+19
2.66653e+05 -1.01518e+05 -6.88113e+03 -1.80743e+04 1.00000e+19
-3.34592e+04 -2.46914e+05 -2.05080e+04 2.77903e+03 1.00000e+19
-1.11636e+05 -1.13465e+05 -1.84574e+04 1.81598e+04 1.00000e+19
6.58421e+04 1.47250e+05 2.34815e+04 -1.04996e+04 1.00000e+19
7.91973e+04 -8.68280e+04 -2.22642e+04 -2.03075e+04 1.00000e+19
-2.00602e+05 1.49109e+05 1.23267e+04 1.65837e+04 1.00000e+19
-1.19875e+05 -1.03252e+05 -1.69498e+04 1.96785e+04 1.00000e+19
-3.35033e+05 -1.48129e+05 -6.90198e+03 1.56107e+04 1.00000e+19
2.74637e+05 8.10601e+04 5.46492e+03 -1.85155e+04 1.00000e+19
4.11135e+04 -3.80313e+04 -2.96421e+04 -3.20445e+04 1.00000e+19
3.40034e+05 -2.30188e+05 -9.03741e+03 -1.33501e+04 1.00000e+19
-9.88587e+04 -1.44786e+05 -2.03758e+04 1.39124e+04 1.00000e+19
2.96062e+04 6.55845e+04 3.51004e+04 -1.58450e+04 1.00000e+19
1.98270e+04 4.07303e+05 1.61582e+04 -7.86562e+02 1.00000e+19
-7.29212e+04 -5.04410e+04 -1.97363e+04 2.85322e+04 1.00000e+19
9.66762e+04 6.27846e+02 2.15766e+02 -3.32238e+04 1.00000e+19
1.35631e+05 2.55279e+05 1.69678e+04 -9.01513e+03 1.00000e+19
-3.27807e+04 -2.48442e+04 -3.07669e+04 4.05955e+04 1.00000e+19
3.45469e+04 -1.15801e+05 -2.84771e+04 -8.49557e+03 1.00000e+19
-5.20757e+04 1.78704e+05 2.29883e+04 6.69898e+03 1.00000e+19
2.26631e+05 -3.90439e+05 -1.32974e+04 -7.71849e+03 1.00000e+19
2.93608e+04 2.38409e+04 3.34843e+04 -4.12371e+04 1.00000e+19
7.03632e+04 -3.68910e+05 -1.65586e+04 -3.15827e+03 1.00000e+19
-1.19799e+05 -9.56752e+04 -1.64644e+04 2.06157e+04 1.00000e+19
-2.68083e+05 1.27597e+05 8.14796e+03 1.71189e+04 1.00000e+19
-2.02884e+05 2.18552e+04 2.44934e+03 2.27374e+04 1.00000e+19
2.39983e+04 4.62969e+05 1.51521e+04 -7.85419e+02 1.00000e+19
1.20633e+05 3.88237e+05 1.54723e+04 -4.80756e+03 1.00000e+19
-7.10443e+04 3.70746e+04 1.68833e+04 3.23526e+04 1.00000e+19
2.30465e+05 -7.51203e+04 -6.50256e+03 -1.99495e+04 1.00000e+19
-2.87599e+04 -2.79615e+05 -1.93827e+04 1.99361e+03 1.00000e+19
-2.81843e+04 6.30693e+04 3.58847e+04 1.60361e+04 1.00000e+19
-1.50257e+05 -5.42991e+04 -8.78385e+03 2.43067e+04 1.00000e+19
-1.22629e+05 -3.56063e+05 -1.59166e+04 5.48172e+03 1.00000e+19
-1.44821e+05 -1.32684e+05 -1.57466e+04 1.71870e+04 1.00000e+19
4.70625e+03 1.27976e+04 8.30318e+04 -3.05345e+04 1.00000e+19
1.64663e+05 -1.78248e+05 -1.54041e+04 -1.42301e+04 1.00000e+19
-2.61669e+05 2.12629e+05 1.12196e+04 1.38073e+04 1.00000e+19
-3.26987e+05 3.27421e+04 1.79549e+03 1.79312e+04 1.00000e+19
4.45813e+05 8.86008e+04 2.98686e+03 -1.50290e+04 1.00000e+19
1.45784e+05 -1.00034e+05 -1.39005e+04 -2.02578e+04 1.00000e+19
-2.71399e+05 -9.79737e+04 -6.53010e+03 1.80892e+04 1.00000e+19
1.99515e+05 -3.61998e+04 -4.09558e+03 -2.25728e+04 1.00000e+19
-6.47954e+04 4.80383e+04 2.16630e+04 2.92197e+04 1.00000e+19
-2.62003e+04 9.29845e+02 2.26289e+03 6.37616e+04 1.00000e+19
2.11082e+05 -2.46732e+05 -1.37758e+04 -1.17854e+04 1.00000e+19
-4.38431e+05 1.14987e+05 3.89272e+03 1.48424e+04 1.00000e+19
-1.57940e+05 9.26368e+04 1.22142e+04 2.08244e+04 1.00000e+19
7.09901e+04 -4.16139e+05 -1.56733e+04 -2.67374e+03 1.00000e+19
-2.75206e+05 2.25018e+05 1.09674e+04 1.34136e+04 1.00000e+19
-8.67996e+04 4.11638e+05 1.55846e+04 3.28623e+03 1.00000e+19
1.81381e+05 -3.06461e+05 -1.48975e+04 -8.81720e+03 1.00000e+19
-1.31279e+05 -3.13023e+05 -1.63516e+04 6.85772e+03 1.00000e+19
-1.11110e+05 -2.61058e+05 -1.78454e+04 7.59526e+03 1.00000e+19
-4.11676e+04 1.18319e+05 2.75660e+04 9.59121e+03 1.00000e+19
-1.11549e+05 -4.26914e+04 -1.06842e+04 2.79169e+04 1.00000e+19
9.58019e+04 -2.62451e+05 -1.83593e+04 -6.70166e+03 1.00000e+19
-2.39095e+05 -3.27580e+05 -1.31028e+04 9.56354e+03 1.00000e+19
-3.86932e+05 1.81664e+04 7.78436e+02 1.65802e+04 1.00000e+19
6.09643e+04 -1.46151e+05 -2.39592e+04 -9.99417e+03 1.00000e+19
8.76967e+04 1.45591e+05 2.14647e+04 -1.29293e+04 1.00000e+19
-4.05746e+03 -4.62714e+05 -1.51859e+04 1.33163e+02 1.00000e+19
-1.33158e+05 3.57056e+05 1.56797e+04 5.84749e+03 1.00000e+19
3.85883e+04 8.25883e+04 3.09988e+04 -1.44838e+04 1.00000e+19
-4.69350e+04 8.61705e+04 2.89615e+04 1.57746e+04 1.00000e+19
2.89300e+05 3.46216e+05 1.18019e+04 -9.86171e+03 1.00000e+19
5.51348e+04 1.23261e+05 2.56627e+04 -1.14790e+04 1.00000e+19
-2.00180e+05 -1.84890e+05 -1.34272e+04 1.45377e+04 1.00000e+19
1.56517e+05 -2.09522e+05 -1.61836e+04 -1.20894e+04 1.00000e+19
4.09688e+04 1.95577e+05 2.26191e+04 -4.73817e+03 1.00000e+19
-1.08029e+05 2.94843e+04 8.12832e+03 2.97818e+04 1.00000e+19
-2.13128e+05 1.32309e+05 1.08786e+04 1.75237e+04 1.00000e+19
2.94311e+05 3.00001e+04 1.92605e+03 -1.88952e+04 1.00000e+19
-2.98705e+05 2.17578e+04 1.37135e+03 1.88269e+04 1.00000e+19
2.06070e+04 1.87877e+05 2.36206e+04 -2.59079e+03 1.00000e+19
1.06692e+05 -1.06186e+05 -1.87830e+04 -1.88725e+04 1.00000e+19
9.13973e+04 -4.42190e+05 -1.50554e+04 -3.11184e+03 1.00000e+19
-2.80182e+05 2.30273e+05 1.08919e+04 1.32526e+04 1.00000e+19
-1.54325e+05 3.52268e+05 1.52581e+04 6.68441e+03 1.00000e+19
4.91042e+04 -4.09335e+05 -1.59746e+04 -1.91632e+03 1.00000e+19
-5.57577e+04 -2.21725e+03 -1.73767e+03 4.36974e+04 1.00000e+19
-8.60984e+04 9.75893e+04 2.14736e+04 1.89452e+04 1.00000e+19
-2.81005e+04 -4.61826e+04 -3.79567e+04 2.30953e+04 1.00000e+19
-1.52793e+04 1.35729e+04 4.79912e+04 5.40248e+04 1.00000e+19
-1.68628e+04 3.86820e+05 1.65863e+04 7.23053e+02 1.00000e+19
2.26957e+03 1.95534e+04 7.31396e+04 -8.48931e+03 1.00000e+19
-2.44333e+04 -1.95569e+03 -5.26467e+03 6.57737e+04 1.00000e+19
2.73250e+05 2.68401e+05 1.16970e+04 -1.19083e+04 1.00000e+19
-5.67413e+03 -2.27976e+03 -4.92514e+04 1.22583e+05 1.00000e+19
-1.82949e+05 3.79855e+04 4.85846e+03 2.33997e+04 1.00000e+19
2.41205e+04 6.00065e+04 3.76910e+04 -1.51505e+04 1.00000e+19
-2.58959e+04 -1.60959e+05 -2.52605e+04 4.06404e+03 1.00000e+19
1.10963e+03 8.91063e+03 1.08182e+05 -1.34718e+04 1.00000e+19
-4.51998e+05 -1.35747e+05 -4.32533e+03 1.44021e+04 1.00000e+19
4.21788e+04 3.58822e+05 1.70692e+04 -2.00645e+03 1.00000e+19
1.17257e+04 -1.64248e+05 -2.53931e+04 -1.81281e+03 1.00000e+19
4.43386e+05 -7.59560e+04 -2.60070e+03 -1.51814e+04 1.00000e+19
4.11082e+05 1.56766e+05 5.54951e+03 -1.45523e+04 1.00000e+19
2.86117e+05 -1.46382e+05 -8.29974e+03 -1.62226e+04 1.00000e+19
3.67010e+04 2.33660e+05 2.09842e+04 -3.29598e+03 1.00000e+19
9.23197e+03 -8.71364e+04 -3.47046e+04 -3.67690e+03 1.00000e+19
2.07203e+04 2.00111e+05 2.29094e+04 -2.37214e+03 1.00000e+19
9.04039e+04 -3.89815e+05 -1.59085e+04 -3.68942e+03 1.00000e+19
-3.03923e+04 -1.02724e+05 -3.02660e+04 8.95462e+03 1.00000e+19
-1.82426e+05 -2.20289e+05 -1.48773e+04 1.23203e+04 1.00000e+19
-6.79146e+04 -1.27714e+05 -2.39822e+04 1.27530e+04 1.00000e+19
1.34540e+05 2.70675e+05 1.68261e+04 -8.36348e+03 1.00000e+19
-2.20173e+05 -3.24363e+05 -1.36513e+04 9.26634e+03 1.00000e+19
3.90653e+03 4.28826e+03 1.00268e+05 -9.13427e+04 1.00000e+19
2.74949e+05 4.92884e+04 3.44895e+03 -1.92395e+04 1.00000e+19
-1.16666e+05 -7.51357e+04 -1.50155e+04 2.33151e+04 1.00000e+19
5.83293e+04 -3.12691e+04 -1.89727e+04 -3.53915e+04 1.00000e+19
1.10689e+05 -1.53124e+05 -1.92608e+04 -1.39231e+04 1.00000e+19
-2.69715e+05 -2.28575e+05 -1.12328e+04 1.32545e+04 1.00000e+19
-8.40282e+04 1.58109e+04 6.53293e+03 3.47198e+04 1.00000e+19
-1.40328e+05 1.34844e+05 1.62253e+04 1.68851e+04 1.00000e+19
1.92394e+05 -3.31512e+05 -1.44318e+04 -8.37553e+03 1.00000e+19
2.66946e+05 -1.91390e+05 -1.05028e+04 -1.46490e+04 1.00000e+19
-2.89929e+05 3.14843e+05 1.16158e+04 1.06966e+04 1.00000e+19
2.25409e+05 1.54653e+05 1.11783e+04 -1.62924e+04 1.00000e+19
3.09018e+05 3.32804e+05 1.12335e+04 -1.04306e+04 1.00000e+19
-6.02593e+04 6.94613e+04 2.57330e+04 2.23240e+04 1.00000e+19